function [c1,c2] = define_colors(alpha)
    % PiYG
    c1=[0,114,189,alpha*255]/255;
    c2=[145,0,85,alpha*255]/255;

%     % PuOr
%     c1=[129,59,6,alpha*255]/255;
%     c2=[46,0,77,alpha*255]/255;
% 
%     % RdGy
%     c1=[29,29,29,alpha*255]/255;
%     c2=[108,0,30,alpha*255]/255;
% 
%     % seismic
%     c1=[4,0,77,alpha*255]/255;
%     c2=[155,57,57,alpha*255]/255;
end